-1201 148 -1426 233
-912 48 -3440 318
-2108 48 -3159 294
-3049 48 -3342 4
-2984 148 -1738 69
-1979 248 -2250 4
-696 788 -2680 300
-2051 788 -2246 180
-3329 788 -2569 69
-2952 788 -1413 186
-2931 788 -3344 30
-2160 788 -3298 39
-1243 788 -1297 173
-4989 -167 -732 353
-4586 -151 533 197
-5064 249 -2440 37
-4286 -304 -2795 17
-3576 -78 -885 25
-4074 -225 905 126
-3035 -287 1373 153
-1661 -145 1849 192
-366 240 956 182
-433 247 2724 175
336 347 2290 193
322 247 1350 295
-993 247 1148 349
-990 247 2296 143
-346 167 -2898 12
979 348 -1444 358
1357 347 -3182 343
392 707 -2683 10
979 897 -2621 357
1587 707 -2621 319
982 897 -3173 7
622 347 -3098 28
1976 247 -1842 29
3077 247 -1885 312
3582 279 3 229
3194 248 1160 224
2140 248 1481 161
1418 247 995 227
593 247 869 155